[individuals]
2
[landmarks]
677
[dimensions]
3
[name]
Fossil_Kebara2Asier_M
Recons_SawyerMaley
[rawpoints]
'Fossil_Kebara2Asier_M
-12.114208984375	-42.4368347167969	442.411181640625
-15.3822463989258	-44.5090118408203	433.95634765625
-13.4492034912109	-47.9695892333984	427.745361328125
-13.3483734130859	-51.4749267578125	417.396044921875
-11.405126953125	-51.0411499023438	402.645092773438
-10.8236419677734	-57.0340637207031	395.806298828125
-10.0896881103516	-72.5444091796875	391.377001953125
-17.3371871948242	-77.9924621582031	382.917333984375
-5.95456047058105	-84.1844177246094	364.60908203125
-7.07154922485352	-89.6253356933594	353.413208007813
-8.01540222167969	-87.6719360351563	339.232299804688
-9.2352897644043	-91.0812377929688	330.059912109375
-12.8891189575195	-82.0388977050781	324.776733398438
-14.9428192138672	-80.2464416503906	311.810546875
-20.3018126140508	-79.3911645204369	298.68802897154
-20.7350950160997	-89.6282551382432	285.953429258789
-22.4716560272238	-80.8415018340128	276.164216413616
-23.4401846335618	-92.6088965038426	265.325278730564
-24.4523514861821	-88.0517767059473	257.313306408425
-23.3342971801758	-94.9708862304688	244.350756835938
-30.8191253662109	-101.790911865234	225.220947265625
-27.8982025146484	-99.1049743652344	212.5267578125
22.204133605957	-43.4356201171875	436.26005859375
25.2222991943359	-45.5092010498047	427.554296875
27.0287780761719	-46.1148712158203	424.8765625
25.2258605957031	-50.9545593261719	415.096875
26.2589538574219	-51.3799682617188	400.649291992188
24.8935485839844	-59.8334899902344	395.262890625
22.9311264038086	-71.7628967285156	390.55673828125
22.4719619750977	-70.9132202148438	379.94287109375
21.4876388549805	-77.512158203125	367.357861328125
22.031640625	-78.5096740722656	356.905029296875
26.6133502106784	-77.5146630702579	343.50685282352
25.4008972167969	-82.959228515625	329.623608398438
28.8803980232995	-78.3328760617275	319.172161126216
23.398454284668	-84.2595092773438	305.613525390625
25.6623895403973	-78.4251237925124	295.700455005425
22.3960684254019	-86.8725473746012	282.834290943533
24.2940043058868	-83.2765223555428	271.736566156981
19.2955130686682	-91.4202838196185	259.228216260561
23.4504004459546	-85.1583914262573	247.206892668682
20.9204485723896	-94.8840820051721	235.685857324712
16.7864791870117	-94.8622314453125	219.333081054688
13.9280471801758	-92.09873046875	206.615625
-53.9251647949219	-5.74413375854492	414.777490234375
-68.9789733886719	2.07132396697998	405.573559570313
-51.5099304199219	36.6327270507813	377.33408203125
-56.5792602539063	46.1598327636719	364.830712890625
-58.4759338378906	75.0968017578125	342.18974609375
-68.8095642089844	72.8087768554688	329.7677734375
-73.8928955078125	92.180078125	304.620874023438
-81.7189208984375	93.0459289550781	286.07958984375
-84.6445495605469	93.4840026855469	273.545166015625
-90.5217712402344	93.0345031738281	255.7380859375
-93.3322814941406	89.8800537109375	249.72001953125
-101.747985839844	91.3478637695313	229.793237304688
-108.553723144531	92.9926086425781	215.519091796875
-120.26181640625	97.5210815429688	201.307873535156
-134.939495742388	76.6870647283298	182.303677706323
-147.237566087498	59.9653616732244	173.18832429497
-153.682698018187	34.3294681304746	152.101307314892
-156.497947404314	29.4710547962538	140.527780621073
-165.306854143048	10.4164271691376	134.299159414605
-165.031237792969	1.65801391601563	124.239416503906
-165.887194824219	-32.7366516113281	122.451928710938
-162.367785644531	-38.5339904785156	116.757177734375
45.3198760986328	4.82971496582031	405.799682617188
54.446240234375	17.1792633056641	395.101782226563
52.6236999511719	37.0862915039063	366.155004882813
57.0490112304688	46.6765899658203	353.67568359375
52.7105203037206	63.1963159725946	330.744840992427
54.8308711325452	70.4702033307594	313.662169380144
59.4656066894531	88.7095703125	286.811279296875
64.2107482910156	89.0306091308594	267.625415039063
73.7849731445313	85.0345153808594	252.208959960938
73.54619140625	84.8211669921875	235.431298828125
87.661112720757	78.7538862491634	223.459443926066
91.6557759027522	80.5743679360076	211.083932800166
119.84169921875	70.1058654785156	191.616821289063
124.104309082031	66.65498046875	175.911010742188
138.566329330057	48.2155150996535	160.081169217701
137.144291698144	43.5501032879729	149.444220330735
141.184436035156	19.7714385986328	141.453869628906
141.177160644531	19.2528076171875	129.426672363281
144.390686035156	14.7487411499023	103.123522949219
140.493762207031	8.34524765014648	97.584326171875
140.354614257813	-22.1644180297852	104.272692871094
135.60908203125	-26.9531951904297	99.0233581542969
2.90930461883545	-32.5856903076172	425.501220703125
8.42584762573242	30.1832702636719	407.535522460938
-20.1641403198242	29.5332580566406	406.228149414063
5.8366455078125	52.3449462890625	363.37314453125
-18.4595962524414	53.6901672363281	363.625463867188
-7.85647964477539	45.8640747070313	386.989721679688
11.7746147155762	57.8087707519531	356.389111328125
-19.6334335327148	58.2240356445313	358.27685546875
-21.7969360351563	75.2755737304688	329.793627929688
-23.4499465942383	79.1170654296875	317.922094726563
-24.8620742797852	85.7596557617188	302.76083984375
-25.9175415039063	97.5929138183594	283.228735351563
-14.731884765625	99.5651000976563	274.06982421875
-2.26060962677002	95.4187438964844	277.645678710938
7.89878845214844	86.088232421875	298.410327148438
9.48540496826172	80.4325561523438	311.358837890625
7.83862075805664	73.3270263671875	328.713989257813
-20.8416479278392	-44.8156959687993	439.907876031677
-25.5999274905809	-45.0992137391511	438.65638189293
-31.3308749496026	-45.1207379993046	437.367714971675
-37.1439588632444	-45.3759806026863	436.012144641599
-42.4251371555919	-44.155809805821	433.829298839322
-46.6913729678823	-40.7599679232182	430.981603940056
-49.4173862144337	-37.0436559694599	428.965518743418
-51.2630454586438	-32.2366569030914	427.144831433225
-51.3878817077111	-27.0370850810468	425.518728330763
-51.1019246924523	-22.6426894855121	423.993571142111
-51.4128281556522	-18.429827008337	422.095463564582
-52.161623875095	-14.3595392735306	419.894466509452
-52.9569683355018	-10.4251324181924	417.572635367046
31.7981781856969	-40.0979175404713	433.651386767355
36.4276488823918	-39.3742712122514	432.326134074597
40.8675878371892	-38.6228281157058	430.954112606071
45.2446536562807	-36.9423882752717	429.380602939658
49.0764570902319	-34.154796711721	427.504146125165
51.9864684072756	-30.5861323851858	425.130329738606
53.7199979316418	-26.2620327128353	422.283945470322
53.6689511028645	-21.1707961230946	419.733693237036
51.919900963043	-15.9576822982644	417.973480788752
50.149055347867	-11.65303402846	416.29451811844
48.6921377735124	-7.50737263003294	414.008392639795
47.3535340176382	-3.04580814023036	411.078329398035
46.2617771523929	0.932009565982751	408.340872474702
-23.6027288755856	-55.3891514952488	426.589811554367
-34.9431443172409	-60.5471589575224	426.096952663147
-47.4100196163703	-63.1821282915962	424.171809553694
-59.7199861098363	-61.6539449716476	420.576718719545
-70.4429623382151	-56.0577329159347	416.43291722669
-77.8855168641622	-48.7265268018365	411.868822960996
-82.2083220707908	-37.6981034101273	405.265235038583
-82.2314839019963	-27.3339226938843	399.938354289635
-80.9875316224462	-17.9586799060852	395.517073663286
-78.9647314098245	-8.60932655927238	391.192186383821
-75.7918938785963	1.26149547565834	387.067071813609
-70.5606196910846	13.4215063338187	383.494803887712
-62.7493582413699	26.3176483089565	379.75064491384
35.7847387089026	-51.1146755525013	423.157133154217
45.3153273655161	-55.0221329150508	422.136193946887
55.1553385297115	-57.3321246725875	421.680161330527
65.0498635234575	-58.0145393667582	420.460477267794
74.8529891668387	-55.3149866140008	416.507627187031
84.2055430088659	-48.7078977584471	410.29928224092
91.3919879553352	-37.5016043793935	402.754166747615
91.7854498233337	-24.1803292978174	394.365513357601
88.5091641754837	-10.8996249590914	386.476709274468
83.4857072838734	1.87167181281071	380.432744201323
77.4101764017341	12.7845672469273	375.581703510301
70.9588199943638	22.1412113468528	371.177883837913
63.5145464845653	29.8163746740921	367.903683668073
-21.5933989099115	-67.9025075183761	411.323612202666
-37.3050290929345	-77.0890403023966	414.760477411301
-55.1268872303641	-79.2907761744994	414.057008304722
-73.0337823874888	-74.0349765848798	410.334741693927
-86.0025993676149	-64.268769163979	403.120870577865
-94.1130936032273	-51.6156573520814	394.420132415228
-98.3704702827429	-36.8208539566553	386.953477147325
-99.9028429522722	-21.8576387457354	380.189719834275
-99.3099116703405	-7.26172252449981	372.96237093478
-97.2475829437361	7.89522636177561	366.119833526029
-92.9242091362674	24.172646060265	360.284719424798
-84.8548682014038	40.8180055590673	354.160676680017
-73.9995435306424	57.3025768092961	347.609603945326
34.5364392547172	-65.3354595949581	408.250577396767
47.303657357681	-73.1081816043628	413.063802573141
61.7495640167139	-77.3869199207913	411.539208278963
77.2255142784333	-76.1054460889847	408.719736826903
91.3043813494575	-68.9937047828744	402.692309795688
101.824698543391	-58.6622433737914	393.417187310818
107.774323933605	-43.3955359413263	382.042395826804
108.746281842189	-25.9397851986037	372.634643894659
106.13220504594	-9.76602003052429	364.067661705858
100.730058258802	5.23049576230279	355.316055253187
93.8092574246014	21.2863918824743	348.928007933417
83.9710086527477	36.7977245611758	342.776576238956
70.0193064735598	50.4841527810958	337.360950041334
-20.729931223588	-81.6149780994474	394.174624061551
-36.992818805473	-91.7688370162334	393.137282652539
-57.7486702709111	-94.1564055096701	387.498268270463
-77.7377687721912	-85.3785485601076	382.152720545754
-91.7147890069216	-72.5556485614897	375.744540000606
-102.074819702361	-56.6908704246222	369.178668120867
-108.517094269637	-39.6294296848741	362.112004130033
-112.167362570756	-22.6219560285442	354.274965571696
-113.773764726707	-5.30071560815861	346.684208986415
-113.614042175149	13.5337585073201	338.961603198269
-111.113065783267	34.4899950148506	330.822969230365
-102.039248428537	55.8127310356575	321.774167501818
-89.5054465690833	74.5057556469812	311.879456456912
34.8594307316366	-76.9922837752299	391.701976330795
48.8963924839717	-85.8086749293164	390.756462007362
65.9502411096039	-92.0215878375336	385.847368323247
83.1653426514731	-88.486711887028	378.737199308649
97.7592111392765	-78.371252657421	371.761611834776
108.376364700336	-65.8967889109311	364.21419076117
115.531987337539	-49.6383798614556	354.830851581384
119.118658586188	-31.6155283457964	345.343877355755
120.603144424075	-13.5807729086658	335.758073065846
118.447466452966	5.87430244750981	326.330309592129
112.418478767342	25.8790297305453	316.156485433096
101.489190022405	47.2195045592814	305.180680542843
84.0744203472363	69.881810298782	295.020403717263
-21.984363469908	-95.4978673586552	370.208361259658
-39.6280250952554	-103.175985118931	370.083958263167
-61.6248992584968	-105.287829289873	364.655578188358
-85.0955956004024	-97.6735293635443	357.548932598893
-103.700886066346	-81.7193908471838	350.414957486545
-116.067463286207	-61.959849200302	342.401691979765
-123.219611827878	-42.5614266963906	334.474842857414
-127.266320536359	-23.4496596860125	326.911277050974
-128.966578001198	-3.4998225866423	319.213375722166
-128.108510415848	18.0694217727077	310.545337062026
-123.424764225784	41.1270748384792	300.196142636162
-113.394132363849	62.624057478179	289.508997565299
-99.4197557849813	79.6987553688561	280.696238680921
36.7967007461331	-82.0734427050684	368.035161162487
55.1401516036641	-92.853674455703	369.321752558732
74.0799553286729	-101.226950013991	364.435843850964
92.0418520753953	-99.1423860084719	354.185060837113
106.64772267114	-89.9395804382205	343.671277356701
118.729144345069	-76.5080633650743	333.286075783446
128.224754584501	-59.1356401253043	323.361596211228
133.519585086089	-38.9988691521048	312.958354387367
134.145709143824	-18.6316282459619	302.496963273153
131.075996447192	2.65843708298576	290.7767475149
123.136087994868	25.5474456981811	279.243292783889
108.989916287518	48.455676838301	268.850593137948
91.0450403697973	68.6963005191053	258.597096629769
-19.1183939544508	-97.3742176365704	345.007134869643
-39.1187843377559	-106.394740048864	345.089495198453
-61.9542369148461	-110.570750523235	341.705505892134
-85.5740037972777	-103.303041071748	337.863886861079
-104.649070804083	-85.4333356259261	329.384483163689
-115.951580805332	-65.1242889246701	316.520073776646
-127.67729802267	-48.2480498189911	309.705275491862
-135.625976322584	-30.6244080387954	301.650198131933
-140.119771601248	-11.3160987106059	291.838854130677
-140.539044036019	9.51263661517657	281.180707981515
-136.509693531729	31.7816186977222	271.020351968258
-127.646041564037	54.1326421836929	262.369115533639
-112.702375014365	74.4729222994562	255.137773978688
37.5398063583773	-88.3534837339612	347.107684460897
56.9005563587698	-99.6361242583118	343.415876401567
77.302252461595	-104.258479288745	332.211494945574
95.0171569875355	-104.251832870348	322.395136461323
110.24146735539	-94.3347492436483	313.666381375156
122.83148611172	-80.6847671331332	304.533006855735
132.95292694591	-63.9898260877536	294.393102580082
139.502502828098	-44.9545620321291	283.605360180288
142.002834049459	-25.6471868493086	271.698313349911
136.998139507484	-5.49010959043044	260.29541586871
132.347105983666	16.7164024584451	247.626875190964
121.971402172212	39.3792312615068	236.228796331515
106.257974855521	61.4056613772372	230.689921346166
-23.8111870808343	-94.817029089653	325.444819493682
-40.098901777734	-109.592444497559	322.947307030051
-62.2908048746072	-116.83979725958	314.831631517661
-87.1163132899305	-110.400475307085	305.266735557134
-109.861593311752	-95.5651529432754	297.384078266343
-126.215282280029	-77.8807559265945	288.557967931053
-136.881863822724	-59.8770310847609	279.133021186252
-144.467483475078	-40.5911749553795	270.34703722001
-149.580202642515	-19.8214927124722	262.90121347235
-153.14493331562	1.42825021825489	254.105744337181
-152.32649610867	25.3592841163462	246.402604301469
-144.793712468594	48.9330102730877	237.694392250584
-129.926694072005	69.9415537295169	225.697180460045
40.3768145684956	-90.3181413903786	321.663821621075
60.5276275266547	-95.4934163914509	309.341919014844
78.4528714585813	-105.120513362509	299.122492987114
95.6386360105331	-104.136114935204	291.047130214853
111.458871226141	-95.9655927164838	283.690884790482
124.807913006767	-83.1981420417099	274.428443239272
135.404001509957	-67.34655874628	263.374930149885
143.858305842275	-49.378104275479	253.269676249176
147.749048592088	-30.2700653510444	241.790074504975
147.232706905666	-9.29984201664359	230.33597179546
143.670550235892	12.5251016173279	218.664856104117
139.077064088645	34.3665093928949	207.921326694706
130.857712263859	54.1317460889097	198.439440999341
-27.456073440572	-100.193773449666	300.641000747189
-44.2882849598705	-111.768704078265	298.955021945509
-63.8172029173434	-117.863427644062	289.372904997338
-87.4404632831762	-112.213984485118	279.618567188624
-109.155691039409	-100.52099779139	273.600283474221
-126.697380442228	-85.5072921943275	266.93656108951
-139.331293853388	-68.0361444670584	258.549079053054
-148.510637402721	-49.3239148091672	248.969538065285
-155.22285833828	-30.3836730220754	238.776259300066
-159.620788259907	-10.778309515846	227.998571454366
-161.116227182868	10.1026429199157	216.199330414029
-157.073477950305	32.3701944984348	202.43940467253
-145.033142089844	53.2746704101563	188.181494140625
36.8246369802264	-91.855142092008	292.505535678295
53.9016475327942	-101.234401251597	286.848942191814
71.0916668814146	-110.108000787112	274.884173944192
88.8255186502191	-108.180486940672	264.575566615498
104.849510961167	-100.011260096546	255.70164574144
119.206970249325	-88.5220734876694	247.116131345932
130.920765298272	-73.9816363223443	237.199874192634
140.274157098859	-58.4176007694021	225.542669321168
147.295128104828	-41.8996333366938	213.614691146773
150.900016758333	-24.2173277809286	201.520765663223
152.795733891571	-5.70985612754439	189.848352696465
155.256947400661	11.4475047504759	177.900210706287
146.868845391703	32.3333203187114	170.838540624491
-29.7730800022048	-99.3486387989459	277.666775195406
-45.7553542202145	-111.080141280155	277.128125873464
-61.3440181293657	-120.276933787886	268.830751150348
-81.6680614193301	-123.173676619258	259.082560458379
-103.006349316838	-117.989180799475	250.327146468788
-122.468362754251	-106.101740273401	242.399713726227
-137.582273609595	-90.1752432263932	234.431147041815
-148.874300902511	-73.688015289073	224.779582187081
-156.731394126787	-56.7152227650717	213.978616004941
-161.939220594312	-38.8927154830516	204.224827189705
-164.238658603498	-20.6839472901796	193.231142965088
-163.462485211432	-2.16271464899501	181.246876722786
-158.944981185386	13.3882552722929	165.825217076073
34.8540516625362	-99.2926937270479	271.194029702113
50.8906970716169	-108.6381196012	264.250545968012
67.458821242258	-117.438136670337	252.677187617858
85.8335726496504	-116.341382291664	240.529572101766
103.002222585851	-109.639993430699	229.305435757813
119.312334398546	-98.0281461578188	220.176661445515
132.566337427996	-83.1055279367898	210.52085546872
141.695470436685	-66.9244460696927	199.022485713244
147.158620384137	-50.1525496060952	187.507780591744
150.192467671315	-32.4771330885495	177.413459528359
150.889162562241	-15.2065105630691	166.649398816012
149.041061041609	0.76820050333162	156.346146256326
145.037829689411	12.9241098564676	147.290340617792
-34.824503291179	-103.268318651026	256.834585167945
-48.9382543032941	-114.303521374616	250.709884554991
-62.8821893359732	-125.663521195799	239.387275739415
-81.6967245195934	-125.0306102779	230.483414761155
-98.9753674551819	-118.415150991685	221.532085063959
-114.857064275636	-108.10645387304	213.741283273082
-129.274805667327	-96.2515554119722	206.159368636085
-141.573760125768	-83.9920745505856	197.514143770618
-151.444369772238	-71.0907077282047	188.339020435722
-159.655648083546	-57.9252087587765	178.372630309327
-166.09783116505	-43.80478784828	167.319657968041
-169.779557851943	-27.8710357047139	155.292272041258
-170.106348901396	-10.1464181544124	143.492007076241
28.3967425445461	-98.0836176366908	245.513535279584
40.9826088911311	-106.453988955458	239.313834073128
55.4852716106321	-112.48107258153	228.854742993375
71.2737537292679	-113.518294490175	218.302924545204
86.8225218694715	-109.629685038417	208.334440955557
101.251112382039	-100.903807783464	198.809233026084
114.080544533358	-89.0177442816007	189.232061063985
125.584126168366	-76.2943790590044	178.757714346886
135.116916392478	-63.4938419875691	167.527177082419
142.044158906759	-50.278777647438	155.915762989268
146.153718937359	-36.242714566812	143.423730016345
147.966480483097	-20.7962710258129	130.696910534084
147.472239332636	-4.27943964961464	118.004294100253
-38.3731955038978	-107.673795811937	224.171586702619
-49.2989724944939	-114.667480003349	221.197927510071
-62.6484893238071	-119.301056835984	215.247474262135
-76.9282978654158	-121.587352801224	209.497191914151
-90.5407682023095	-120.653591160829	201.184980935934
-103.295638392013	-116.097040380577	192.68103784466
-116.152889745123	-109.344337723942	185.634070695406
-127.887032547208	-101.842726336661	177.464216516499
-137.794768454464	-92.8934927784	168.625937330587
-146.279961162857	-82.6835754481807	159.800376069989
-153.813260009968	-71.9203239042177	150.756967101756
-159.95586137656	-60.6653970168417	141.499287529731
-164.014138626885	-47.9613800444618	132.171196478795
24.4980662945584	-102.666094823739	218.365698599613
33.807278218218	-109.424649188228	211.626501749687
45.680462394764	-112.950657669859	203.239392438983
58.0874818933489	-114.358181308978	194.106272524422
70.5831723557383	-113.364411641031	184.281180983628
83.0676261384449	-110.473690158258	173.789806788056
95.2766211297459	-103.357980883292	165.21594948783
105.836594694685	-94.688054741474	155.837757018919
115.39042615347	-84.8945907463711	146.584526152648
123.71874337124	-74.2364126027711	137.30574229622
130.621269962253	-62.4439185036358	128.136207153723
135.801469860258	-49.6011607131968	119.339432238804
138.806454042864	-35.9792050476181	111.105931320898
-21.1921043199237	-52.0084211957471	440.230491509293
-27.2662435639964	-59.4415496168886	443.951745431221
-35.6926618312075	-61.9143615595812	443.696725602952
-42.8795910699111	-60.5806660488111	441.73094473626
-51.9116590818055	-56.8108165606641	437.896626394085
-59.9795709276782	-51.6865324098321	433.073297572447
-65.7105209639034	-45.3193159240739	427.819513985437
-69.5108350472457	-38.2680184572412	422.683844670002
-71.8339504094129	-30.7303647671588	418.257914520355
-72.9644776391072	-23.4668747669036	414.702975708256
-73.4858731906636	-17.1440639646721	411.681697397148
-73.7422987949174	-11.1179502520774	408.766581270387
-72.4954917210816	-4.77675855911315	406.663937928733
32.128213062339	-48.31961168071	433.00710465052
38.0459668448004	-50.6394924428422	435.618344686377
44.9993972219775	-52.399540500245	436.590415386031
51.9863283672315	-51.3542614498623	436.183343995562
57.8762507166507	-47.6312691892122	434.532360004531
62.5452746371376	-42.8632136014616	431.50683925431
66.4837480229056	-37.8306798848721	427.587695006128
69.7918006603839	-31.8428323724711	422.960496041276
71.8268194600758	-24.4696678912657	417.958643696449
72.2064991342776	-16.8481747962755	412.557769965843
70.887252600213	-8.62353231151916	407.764189738737
68.4706768862972	-0.146569941911001	402.809306552043
64.7081690893273	7.89179408147416	398.349870820275
-25.1219457647762	-64.5858798318649	421.856914400633
-35.7449435807515	-75.3519629261416	421.493325907817
-51.9934035233607	-76.944647184896	419.442668956402
-68.3870985916027	-72.3553106277694	416.069716331994
-82.2764255626755	-64.3166181474924	412.198319587978
-92.3180630947128	-52.8287361050437	407.733465683025
-96.1038824617483	-38.7262491053331	401.611006251685
-95.069744924687	-25.5283221449122	394.656080977922
-93.155801322641	-13.7881823903068	387.694576799369
-89.1589339501938	-1.95195104628709	382.199841041242
-83.53751627166	10.6400517127469	377.016263412912
-76.1213569088593	23.8938699868182	372.04749112237
-66.933147211923	36.6321721944431	367.220982350369
36.2758726369831	-59.3154094498121	419.691831022307
44.917479998144	-68.6076603932616	420.374069632009
57.9285153802613	-72.9367269329605	419.241991341437
70.2254521311226	-71.1085499713778	416.130641682584
82.4166199466104	-66.7433246200505	412.860292413316
94.4466657409986	-58.0895340854774	408.215967972593
104.391200000024	-45.8038145397345	401.904542837813
106.34387581462	-28.510050767011	392.519640214158
102.760627552257	-13.7674412460324	382.720075563173
96.352804954901	0.330522611255859	373.570634658745
88.3401532633096	14.0286990344002	367.343913869571
79.5611640878458	26.5315072713918	361.699783161237
69.4169566699415	37.2804497974089	356.928017341102
-24.2284688220343	-77.1443277522665	404.705461220387
-41.6485773362707	-87.4461600652597	406.987987238565
-60.5362898284659	-89.4366820451073	403.322463379327
-80.5914496484776	-80.0350177070939	398.998396298777
-91.9362202838749	-67.1762384135555	390.970785785087
-99.4975473203369	-51.2929692288202	384.534134530819
-104.79989924027	-36.1150910198429	375.169483492779
-108.03975958125	-20.3579587644352	366.412174368488
-107.977784274173	-4.12947700610621	359.540019295175
-104.028627351457	12.1110130597703	352.672143770161
-96.3064566830972	29.8968570167843	347.248183943995
-86.3214438399617	49.4439051965547	338.948398818836
-75.0258746831751	65.6294998200054	331.643954510255
37.0201116348169	-70.9305706925619	400.853008511371
49.122173513301	-81.5538608867212	404.663826005754
64.9191814249898	-86.862728472674	402.420305348837
81.0961392473577	-85.1566830657964	397.67834963753
96.7486871998967	-76.1215861799775	391.643508584015
106.040780737167	-64.1731139537839	382.139149889741
111.504114338961	-47.5261775764938	374.097374397729
115.316798583472	-30.3532408652161	363.078255741239
114.798164226301	-13.756471912668	353.496450677659
109.890413893656	3.04798465684819	344.580114380284
101.285607400715	20.3159356030086	337.971244682896
87.8596087128955	37.9532771973639	331.043011520023
71.2688866624974	54.530999642526	322.25288948412
-25.9551756434948	-89.7076038484851	384.116479726114
-40.7259817360221	-100.273459854374	381.197283353012
-62.0425076899127	-99.2990401390488	376.478138361782
-81.9476788409004	-89.9525770031583	368.664477425452
-97.0674415925868	-75.0357522234309	361.343151163912
-108.509509192341	-57.3302143232559	354.622440413708
-116.127278847443	-39.7423592505827	347.410537017615
-120.175259589075	-22.1170423679181	339.144020289865
-122.441187511519	-3.25610149109	330.941480084755
-121.220593035471	17.4155655103578	323.134598461
-116.251293756814	39.2060901001897	315.613211274579
-106.490361380633	60.3217481211842	305.8393575709
-93.5660837615676	78.6461867176646	294.514556944796
40.3029482075342	-85.7739463648134	381.202660928752
57.1843845285896	-96.3610169675521	378.710708701467
75.3710266522585	-98.3499203881963	371.942854965751
91.7582790878383	-91.6775059937458	365.171846811072
104.73087291244	-81.698685763009	356.374382334414
114.811590104911	-68.201981995684	347.921349207695
122.288923728652	-50.9720822216208	339.957687709081
126.459242475431	-30.9818236141959	331.062364622019
126.954666265798	-12.6603695818278	319.857333874717
123.972936357859	7.90145381962896	309.322614651452
117.430343137305	29.8917505071499	300.000837564635
104.593573458542	53.2384247303241	290.330085721225
84.915567733403	72.9105566112426	277.626976493879
-24.8875277576843	-99.5953794894799	355.260291661058
-44.2085075748755	-108.651745179191	355.634540926955
-68.0024371339992	-108.962997271848	352.186757758093
-91.2759378867479	-99.8964074445286	345.535687107088
-110.874740395787	-82.5723787788213	337.377982828688
-122.970975592206	-61.0667766763046	329.724141158607
-130.218469590479	-41.9426833389387	321.372555403696
-134.276339260593	-24.1839718651564	311.43895815456
-134.827068032025	-4.29946647466144	301.372579750453
-133.002041422309	18.2604449093778	293.197819634524
-126.909936284552	41.2132443043968	283.344799838987
-116.543695927224	61.5403719790705	272.517036783528
-103.483673123495	80.0330082985025	262.096220558436
41.76227615142	-89.2139549523298	356.23363092709
58.5675325773994	-103.315526961573	356.038663371229
79.9410614374181	-107.853241711115	347.721077018118
97.8019775983977	-100.845491607212	339.24475925569
111.825492555018	-90.1054409386632	328.754861882514
122.976656200524	-76.7110147602618	318.032173908898
131.352537736938	-60.2993553104789	306.529798042843
137.025311549201	-41.3105689303305	295.302613986059
139.570905837643	-20.6579439144762	284.990083404992
136.414542884609	1.4538815091849	275.453707082118
126.572625493952	24.1412284937847	264.035205809095
113.713115476173	47.4412143659693	254.112224290562
95.8832321268233	66.4594276234179	243.944374647888
-27.1619021011326	-96.5155536527063	332.335002148051
-42.8315124436736	-114.217091218757	332.652509629986
-66.9020579251917	-117.37920866498	325.907708908722
-91.0091279131322	-107.115536492483	318.791445072195
-106.360349630348	-80.4358840708404	311.795716211167
-123.357031182435	-66.3082838155747	302.580609805798
-135.391662512872	-50.0169263257655	294.213849581865
-143.645631999824	-31.1466153695604	285.86803087955
-147.549438095254	-10.1477826575777	276.403430612982
-146.429544080143	11.7742790164896	265.96898430551
-140.386615365962	34.8388704740072	255.245053423511
-129.870318416064	57.973990211216	245.425959980747
-114.977637875412	78.4680240977729	236.332848536338
43.9097831392189	-89.0315504381474	332.722987226843
61.9614178857262	-105.877802479497	327.526159572038
81.4487214946928	-113.781473863348	312.394659562995
100.132087986064	-107.267660019787	305.202013537604
114.660892689115	-95.7378695846278	296.776514196632
126.428388396122	-80.8337802185982	287.148413296747
136.097374301033	-63.2513494408539	276.898354770757
142.873601765754	-44.1548706225142	266.203893418891
145.633025006972	-23.571999409723	256.576947087186
144.703092061258	-0.793482450573992	247.107211255235
140.432984526293	23.4178078587573	234.725878833702
128.87465075821	44.1121632070158	222.621444237743
114.544966445895	62.7119984167959	212.141628031194
-27.9800580711565	-100.975141927723	313.611032937798
-43.9452397895436	-117.375063962684	310.291912700561
-66.0402884441663	-120.469048637876	299.877430182394
-91.2345554426581	-114.15519686033	293.845305260855
-112.35231096951	-100.347443166197	284.210647981186
-127.062350629158	-82.4799031508924	275.09203168055
-138.629314176522	-63.8338065231301	267.117833437807
-147.469189697355	-44.0607089957858	259.338369893058
-154.570146874591	-23.8409549101902	250.648544040021
-160.188552723924	-2.04284057342787	242.425367506813
-159.556184417008	23.4989570020337	234.980792096367
-151.346800108898	48.8868907949251	225.281352482844
-137.423464325725	73.5885503298516	214.257423833641
41.343366234542	-95.1014843387902	310.071261856202
56.5006195617968	-107.530326676771	299.891365804934
75.8295964377356	-115.713568719796	286.992691965976
95.3248148046748	-112.466671678267	279.233633648858
111.516205902848	-102.942778678434	270.035577454822
124.340901677361	-89.7745742852559	259.782660482642
134.988359982082	-73.7710958834909	249.429766910422
143.655591153955	-56.1261422844196	239.009020047798
150.342141991978	-38.0223406996534	227.325126783872
153.444974363858	-17.8246198108074	216.79539117205
152.506090385261	3.65046924814047	207.193824196963
148.090994576388	24.3142321624512	197.802033236758
138.19683315591	44.6801261477303	187.364067502483
-29.9506329622915	-110.507039189181	292.340513993391
-45.0760423811963	-118.787109363431	285.02024502122
-63.4136803366023	-124.846915820634	273.382119314158
-86.9456493061085	-120.822323897578	266.620499447466
-106.861847310249	-110.162721141397	260.301142304894
-123.778469769424	-95.8376910438907	252.722975624229
-137.68711610586	-79.3784046148143	244.865098726438
-148.346323296707	-62.0637659825507	236.916586404332
-156.968400842263	-44.8229154642043	227.434265232543
-163.725917875248	-25.8828393357817	219.453255848721
-165.717360830115	-4.0426241420443	210.045489319619
-162.886173890522	17.6096628067064	198.138058756564
-157.53512503179	37.7386802437944	184.515979782611
35.0604035188974	-101.410499908173	285.675701420773
51.6983006939454	-111.412993199917	273.438739707948
68.3146158960821	-117.126871318503	259.245062493575
88.1050758761233	-115.147553822866	250.666858785576
104.871507771404	-106.349473902684	241.429991090062
119.39982714208	-94.4328821096741	230.207662943159
132.243275122012	-79.4791801004128	219.375398931241
142.329502975431	-62.579177341958	208.289620354168
149.906187548963	-45.696418818717	195.808395112975
155.572576998102	-26.9950650963286	185.046189514841
156.224700338674	-7.40591572697114	174.694761156039
152.327924593614	10.5599081005473	164.927546474507
147.826778190106	26.8081126566439	156.182445324
-36.7023535977637	-111.011859116313	267.61221400313
-49.2723919397257	-121.142926605186	261.662787198003
-65.1639052101748	-128.168215518869	248.641697731023
-86.0348380646986	-127.638339616768	240.329771944271
-106.146330707979	-120.18075561542	234.125877980179
-123.554953998855	-107.719385578456	226.620516243723
-138.546833870593	-93.7824297145285	217.208915475472
-149.831663304743	-77.9046114965798	208.545967001914
-158.469814572998	-61.8719545027867	199.690297961183
-164.374467786907	-44.0890267495634	192.195930592094
-166.666169513704	-25.7768530441108	181.96694033535
-165.607896721533	-7.25959689112671	170.49053686359
-161.506530527445	10.667277996522	157.758308856141
33.1572086741692	-103.104031522606	259.728266313498
47.8629073490184	-114.049551985406	251.795252305941
61.4710408407039	-122.790806837834	236.66580772053
80.383142143728	-122.670274098698	225.034442484006
98.8662166883263	-114.939674217026	216.587392473055
114.108888109068	-102.424048236207	206.630294724214
128.487867701887	-88.7299430865936	195.913331882657
138.678806872458	-72.5749156958207	184.049676548726
146.634204524201	-55.6365573488957	173.620564552116
150.84427165558	-36.7964500955116	164.805567730883
150.380613887688	-18.5543457938905	154.1414102466
148.371750699809	-1.17979046653595	143.238018281676
143.68979106065	12.800480741054	133.410744312764
-38.4185222229792	-111.200134527812	244.109377980114
-47.6010668323718	-119.363755911473	236.319692685662
-61.6178022781557	-126.750370627524	225.924671708907
-78.3027514675062	-128.108998334491	215.540380610632
-95.1022356125967	-122.182133023756	208.7497694491
-110.181406471573	-113.151847251897	200.647358682405
-124.729729303393	-103.302905906361	192.564995970338
-137.326923184556	-91.9160681542016	183.93482116544
-147.843002356287	-79.3921330516328	174.710910491355
-157.177494826584	-65.2728111316164	166.512075892869
-163.944135694539	-50.3856173934885	156.470536937798
-168.063010051573	-33.7947906841129	146.492201349027
-168.777118693384	-16.3891656555723	135.992273222835
31.543526088812	-104.490669274437	233.765894917047
44.145337090483	-112.420789254049	225.392588496538
54.7837917025665	-118.909992947406	213.082093097672
67.879031806128	-119.511297568368	203.229546523982
83.3073282224802	-113.856931319719	195.11034709155
97.2775192237762	-105.767826537407	185.158326905166
109.992925389905	-95.087189877613	175.275030086785
121.728750236694	-83.2411427904928	164.795073139585
131.651872280989	-71.1552367578075	153.376638492875
139.390430886876	-56.8824373646174	142.934084910649
143.97762576287	-41.4432923781831	132.146820482001
145.601222541716	-25.2802950710463	120.454053214063
144.808148486675	-8.56483352838632	109.683387115598
-37.0506095772379	-110.909025954873	213.735618745207
-48.692554616544	-116.586619410276	211.304176137945
-60.6909579554806	-120.381850403235	204.154658662872
-73.2631502839151	-122.372950707987	195.620022725832
-86.1983650097972	-122.264303963142	187.271445819022
-99.4821806624521	-119.071496557144	180.031659069588
-112.580241398235	-113.019511070622	173.379118044486
-123.521773811591	-106.014138407042	164.401992729606
-133.851932000531	-97.2956203015098	156.297563125271
-143.128407461696	-87.601253155438	147.889058621076
-151.10623392331	-76.6196170769255	139.934359755324
-156.997012212242	-64.4312437154122	132.60395311816
-160.453775402755	-51.3716417563005	124.709824864286
24.0987143655528	-102.911944726531	205.456775913099
34.6689218150536	-110.358509937874	199.466686967517
45.2760347355946	-114.018802981537	189.269689266871
56.6003639412028	-115.370524462275	178.400400855372
69.0110962911482	-114.415727735244	167.438346574489
82.6200072244441	-110.283515005595	158.851516165756
94.6190087401556	-102.929596972929	149.302355442601
104.749120006468	-93.5915581165757	139.091389507489
114.453646821924	-82.7568283469573	130.039672793492
122.940533662543	-71.2639802830211	120.944641656745
129.893947925748	-58.2956211978865	113.713795025103
133.873776781755	-45.0681763521837	107.06582354391
135.27885589837	-33.1516894161842	101.488241132136
'Recons_SawyerMaley
35.819271167056	121.9776721195	-53.8894147290471
38.4130786512391	110.086749717102	-59.3521317257326
30.2907659726951	103.521817793539	-64.0296578178773
30.5786041064588	92.9662070937562	-69.1104243916178
28.5034261326851	86.3815458089495	-74.5036759944558
30.4137268066406	76.8610656738281	-76.8974609375
31.0568420410156	69.5776489257813	-79.5861145019531
27.8515808105469	63.2682495117188	-87.4995971679688
27.9316650390625	53.2503051757813	-89.2234436035156
26.0817626953125	46.5832366943359	-94.6774353027344
26.7143440170973	37.1017243312414	-96.5428067362444
28.4935679213159	24.3619137249253	-101.353802356937
25.9390249854175	14.5213803560419	-105.035004995072
26.6966285785952	2.60518165250243	-109.039497140429
31.9197503419811	-9.38905220161705	-110.432103641831
31.7078513339117	-21.3918784328768	-116.9777658519
33.1989965769444	-29.1647692152404	-115.915966127218
34.0386286292579	-42.9347282458333	-117.912611958613
36.8012945306561	-56.4023531559557	-117.523764248356
37.784371407185	-68.9646681020556	-122.817452071677
38.9556621325729	-82.5035531716625	-127.006332998164
38.1586658989321	-98.0221234223725	-129.546803190571
1.59689416356919	115.876573793302	-48.0297456619519
3.17485526340386	107.266660878736	-52.6019986438487
-0.0299345091508087	99.9979245182826	-50.3350847369068
-1.19959777538405	94.901357056747	-60.5999483563837
-0.998978158806182	85.3202659067057	-63.5731690331705
-0.734125630618601	72.4802362698391	-63.6773623906212
-0.67484890253281	68.0685536469408	-68.8458805840385
0.488171163411022	60.0241867439644	-76.3557827139458
3.39002944607507	50.5328894645631	-81.8321563772308
2.92636932882605	43.0952378254865	-84.4493071082844
-0.300279374836049	30.454293694942	-86.7774571371274
2.4354540574431	15.8492673509916	-88.4974340894226
1.80746215330691	10.9125386250233	-92.8190618827178
1.49146362800114	-0.000732657897806632	-98.4565067631989
1.57921777356862	-11.9539660235981	-101.656430450826
2.32779518004044	-19.9463239271716	-106.126924672451
3.74380460004665	-29.3113573215952	-110.61862136862
3.51765228598479	-43.8335130406832	-108.501639653029
0.700957873278256	-54.8643451558821	-110.242940792363
1.54013155810074	-68.4678829789202	-108.364771040686
5.4415654414644	-86.8323680823477	-113.501122870625
4.89242036294041	-100.011606173622	-111.662346877542
84.8876948933452	70.5291207010506	-34.8972398825139
99.8418221481911	65.2484697562891	-33.3167257206789
97.7305178004855	30.6524164740694	-12.5445193345001
100.784027181393	17.0080533695128	-12.2511409097587
103.915476970744	-7.95957964292387	-4.14106488469349
111.475881882685	-21.6860643906905	-5.01102187364888
123.077006571562	-38.2311058667613	-2.50423679144471
123.908161617228	-51.3608341359425	-7.45103681931832
134.990802271849	-69.0338206260994	-7.75040819514616
140.417828218741	-86.0439296368852	-14.1488370817804
145.994964640034	-103.00381708987	-20.285444549002
152.412572887677	-119.036306950116	-24.9935391430613
159.654371408618	-131.690799936308	-34.7779325511169
169.217048399443	-144.999522633448	-38.526775504346
180.668484445882	-156.945700452779	-47.9643443702777
186.623503121503	-166.811297955711	-52.5039159366548
198.741029350568	-177.119610069199	-62.2726892391471
200.507828275828	-183.913713568608	-71.8011326472043
203.268481445313	-183.964575195313	-110.973400878906
198.9474609375	-190.226599121094	-117.735437011719
174.325660574851	-192.792513097256	-145.020896170777
170.88264307231	-198.917715444098	-148.323464574319
-0.851587383778335	65.8347930014324	-4.61448547859885
-17.3162864357171	54.281138135384	8.85026814931869
18.237652142833	27.9030418317899	25.3684449405379
23.9714345526084	13.9380841786218	29.0383777441219
15.1278525453846	-4.82547146816362	37.6702619870916
12.0475135871893	-21.6707805746903	40.936919443242
15.2894335757898	-42.9851810098251	47.9621154294492
19.3476677190426	-59.8149729997612	46.8874730504361
18.5387798402242	-79.8662794535579	55.2962993176496
17.8406092133989	-95.689186432685	53.2486769016152
-0.808809241915708	-113.087420290792	49.8955641977993
-1.1174674213932	-128.939554867962	48.4802000423019
-17.0091503191308	-149.963980218458	53.1397175108847
-24.7096899395159	-167.097231449297	48.1334636995956
-45.0970369639107	-178.555096485695	42.8391061011961
-48.6181316874854	-190.549382494575	37.0239601596386
-69.9270873727226	-199.992446721992	24.5194033635501
-73.9699611305547	-213.816785351241	15.838009720085
-92.6784460989653	-205.356302745828	-7.94297429348449
-95.1099650847373	-210.024920451658	-22.8259498589376
-96.2378551153599	-204.748178946446	-31.8756922503211
-96.1389958800646	-215.615746597592	-37.7312045659057
23.4802486835013	111.514613851437	-38.5636048522831
40.8548406221856	64.2623092125729	11.3415666722471
68.6154077746582	66.0775634777829	-5.15976840816088
49.7812555307284	31.6397007692533	15.1296190934976
74.9107922760978	33.9053915074009	-1.46389276324292
57.3889765249666	48.6075991971094	4.14925690509185
49.332583481544	19.4548537114187	20.1838464574675
73.0823339195231	22.8233272226171	7.00537747237018
79.5036516253207	-3.46959259647674	11.657840982472
84.4670293125385	-21.5181369243647	17.808481360239
89.7348276244015	-41.5487850434387	23.8388131427593
91.0035911209962	-62.2568474048797	23.3243649140269
78.3000214050867	-89.243767848794	29.3745022930925
68.6103491900503	-63.6286565676967	35.7868888115011
61.1192881920425	-44.3357155228205	38.9758872557795
57.8320599685367	-22.6204939976009	33.2704339735184
54.5139745852777	-2.71076219194528	24.74489558584
45.5984222412109	119.057202148438	-60.2060363769531
50.0893859863281	116.926831054688	-62.92314453125
55.1127868652344	114.546447753906	-65.140478515625
60.6407470703125	112.657360839844	-66.3132751464844
66.5437377929688	110.442895507813	-67.216162109375
72.0831665039063	106.871362304688	-68.5259643554688
75.8462341308594	103.0330078125	-68.5398193359375
78.5139892578125	98.4393432617188	-65.6945861816406
80.042431640625	93.8718933105469	-61.02158203125
81.0416625976563	89.8287109375	-56.4883544921875
81.7373840332031	85.7386291503906	-51.3801513671875
82.1785278320313	81.593408203125	-45.7401916503906
82.9262268066406	76.8430725097656	-40.4439392089844
-5.68210792541504	107.593627929688	-45.6321350097656
-9.4820686340332	104.427331542969	-43.9668792724609
-13.061491394043	101.964343261719	-41.8454254150391
-16.4406173706055	99.5500854492188	-39.1041412353516
-19.1808700561523	96.8575866699219	-35.747705078125
-20.9690383911133	93.8936096191406	-31.9784790039063
-21.7475296020508	90.7002685546875	-27.8589050292969
-21.4012176513672	87.4856628417969	-23.6880569458008
-20.0303894042969	84.3349914550781	-19.7488739013672
-17.7899459838867	81.271044921875	-16.2769348144531
-14.8434020996094	78.2562316894531	-13.315705871582
-10.7252281188965	74.6378662109375	-10.2279754638672
-6.15750579833984	70.79677734375	-7.28755950927734
40.3990081787109	104.162060546875	-73.6384948730469
48.4598571777344	107.116552734375	-82.3366638183594
59.4186584472656	107.986511230469	-89.2148132324219
71.1698486328125	104.299255371094	-91.0517822265625
82.2953796386719	99.4995422363281	-90.6897155761719
90.9098571777344	93.6482971191406	-88.758642578125
99.2434997558594	85.3090454101563	-83.8008117675781
104.898046875	77.302001953125	-75.9088439941406
108.6158203125	69.5739501953125	-65.9330505371094
112.2052734375	61.9720275878906	-55.2515563964844
114.122583007813	53.4687866210938	-45.0583099365234
111.735009765625	44.0547760009766	-34.0467834472656
105.209826660156	37.0288757324219	-23.0012496948242
-11.1851387023926	98.6964599609375	-52.4987365722656
-20.7984710693359	97.1295471191406	-53.1746520996094
-30.4964447021484	95.0245422363281	-52.4023620605469
-38.9854187011719	91.9278503417969	-49.5131774902344
-45.9909454345703	87.038623046875	-43.5673522949219
-51.055517578125	80.7670654296875	-35.3308929443359
-53.7366638183594	73.5190307617188	-25.5221832275391
-51.3064575195313	66.0160949707031	-14.6775192260742
-45.04833984375	58.6347473144531	-4.45839500427246
-38.0241119384766	50.7423675537109	4.78580741882324
-28.2393371582031	44.2272979736328	12.5392929077148
-15.2505722045898	39.0087371826172	18.4277557373047
0.0740793526172638	33.9922027587891	22.3118576049805
36.6346038818359	92.6755981445313	-83.2198791503906
46.6019348144531	97.047021484375	-97.2753845214844
60.0802734375	96.9359680175781	-108.228015136719
74.8063232421875	93.7574096679688	-113.725500488281
89.5056945800781	88.5476318359375	-113.513073730469
101.492633056641	80.7806274414063	-109.305834960938
111.703405761719	70.6396667480469	-102.896533203125
121.492163085938	60.9103088378906	-93.7923889160156
129.304309082031	50.0269653320313	-81.8752685546875
133.71884765625	38.3893768310547	-67.5228332519531
133.703247070313	26.3441040039063	-50.7679443359375
128.330883789063	13.9063400268555	-33.4767547607422
117.629675292969	2.10756034851074	-18.3569198608398
-10.3951522827148	87.5111694335938	-69.8646118164063
-25.3023849487305	88.1752136230469	-70.72373046875
-36.0669219970703	86.2893127441406	-65.0064697265625
-47.0764190673828	81.7901611328125	-58.4507080078125
-57.9551879882813	74.9595886230469	-52.5015930175781
-65.7806335449219	66.0669311523438	-44.3053253173828
-66.9272705078125	55.8084594726563	-32.3019134521484
-64.1854431152344	43.6130126953125	-18.3515747070313
-58.81806640625	31.6378997802734	-2.69582557678223
-48.6595397949219	21.2941619873047	11.6097114562988
-32.7662017822266	14.1086990356445	23.5127914428711
-16.1868835449219	7.05199127197266	32.8870697021484
0.427188920974731	-0.32293701171875	36.0869750976563
35.2536987304688	73.6783081054688	-92.8925170898438
42.5315216064453	77.6690734863281	-108.200402832031
56.8065185546875	79.3954528808594	-122.730590820313
73.634814453125	76.3672668457031	-128.063452148438
89.2360900878906	69.1373474121094	-126.719567871094
101.392083740234	60.2892150878906	-126.570373535156
115.995666503906	50.3546783447266	-121.558508300781
128.054577636719	40.3715454101563	-111.996020507813
138.851208496094	26.9659515380859	-100.655999755859
149.291577148438	12.9445571899414	-85.5361083984375
152.609924316406	-2.03485660552979	-64.0412170410156
147.047534179688	-16.4154632568359	-41.2115020751953
135.829675292969	-28.6368255615234	-19.6016738891602
-11.9464210510254	70.5361328125	-75.7787902832031
-25.4282989501953	71.0792663574219	-81.4065795898438
-41.5768127441406	67.5675415039063	-83.3905822753906
-57.6411437988281	60.2464599609375	-80.4985107421875
-71.5355041503906	50.0530944824219	-70.5586669921875
-79.0052551269531	40.1670745849609	-57.8139587402344
-82.4929260253906	28.3331665039063	-43.1003814697266
-82.1171875	14.3695693969727	-25.1316024780273
-77.2195861816406	-0.0966457903385162	-5.68547439575195
-66.7096862792969	-13.266145324707	13.9188690185547
-50.1599792480469	-24.4405014038086	31.224755859375
-28.5424224853516	-33.2788787841797	42.4271026611328
-6.84576873779297	-38.3200164794922	47.4153686523438
34.0959075927734	56.4824584960938	-102.556140136719
43.28017578125	58.0102600097656	-116.670629882813
57.0568359375	55.8752502441406	-132.956726074219
72.3602905273438	52.5245727539063	-142.791528320313
90.0269165039063	47.7239074707031	-143.136596679688
105.524450683594	38.9261627197266	-140.793493652344
119.228588867188	25.9724456787109	-138.314807128906
133.641589355469	13.8380523681641	-128.125012207031
146.994250488281	3.9035026550293	-112.198718261719
155.931127929688	-12.1202896118164	-92.9484069824219
160.030920410156	-29.7321380615234	-71.9142333984375
158.494958496094	-46.4063568115234	-48.893603515625
148.769189453125	-60.1545043945313	-26.9697387695313
-10.2226173400879	50.775	-83.8622375488281
-26.9232482910156	48.9059814453125	-86.5016174316406
-45.6172241210938	41.9800262451172	-88.8324829101563
-61.9403930664063	32.5126129150391	-88.2564514160156
-75.6091003417969	22.0056289672852	-80.6763244628906
-84.858349609375	10.115934753418	-69.2857177734375
-90.3438049316406	-5.03611450195313	-52.7965515136719
-90.1496215820313	-17.8662292480469	-32.2760864257813
-85.2171691894531	-30.3835845947266	-10.7066711425781
-75.7105712890625	-43.3189056396484	11.4741638183594
-57.6265625	-55.3751159667969	29.847314453125
-35.0283905029297	-63.4041625976563	43.3581146240234
-9.2536994934082	-72.649169921875	51.9819946289063
28.6093902587891	37.5903503417969	-107.664038085938
35.4739898681641	38.5501953125	-124.732421875
51.4742736816406	35.1937377929688	-141.261083984375
67.8199096679688	28.3793762207031	-149.428601074219
85.5585998535156	22.9073669433594	-150.134118652344
101.646960449219	17.2077758789063	-144.662963867188
119.131555175781	7.77846527099609	-141.849157714844
137.475512695313	-2.28574390411377	-134.036743164063
154.382373046875	-15.6653060913086	-123.5447265625
164.744836425781	-31.5914916992188	-106.969030761719
168.297009277344	-51.32958984375	-85.9770690917969
168.509899902344	-71.6912902832031	-64.7318237304688
159.738977050781	-89.0560791015625	-41.8218383789063
-8.00061187744141	28.9790100097656	-87.2628295898438
-27.9355255126953	24.9031661987305	-90.9645874023438
-46.2229888916016	20.3765579223633	-97.059619140625
-63.6024047851563	12.6851982116699	-94.7972351074219
-77.032275390625	2.20087909698486	-84.99541015625
-86.3918090820313	-11.2835159301758	-71.1382568359375
-92.6933776855469	-26.8244354248047	-55.1456909179688
-95.2636840820313	-44.3428131103516	-38.07041015625
-92.9272094726563	-60.9822631835938	-18.1581466674805
-83.6454040527344	-75.5920654296875	2.82832622528076
-69.0415954589844	-90.1082397460938	21.2100677490234
-48.8872650146484	-100.660308837891	37.6167144775391
-23.8118789672852	-108.857885742188	46.4613677978516
30.428564453125	14.865380859375	-112.648828125
39.4582122802734	14.4065093994141	-125.991430664063
53.6396362304688	11.0739120483398	-139.9708984375
69.4465454101563	9.06854705810547	-149.793957519531
86.3882873535156	5.61156158447266	-155.207080078125
104.297888183594	-2.1368824005127	-157.5361328125
123.357983398438	-14.7577011108398	-157.791882324219
141.167858886719	-29.3515899658203	-150.430981445313
155.798596191406	-44.4772430419922	-136.983666992188
166.453991699219	-64.9729858398438	-123.166418457031
176.567956542969	-82.3664184570313	-102.196447753906
177.229052734375	-99.6393920898438	-79.5654357910156
168.786828613281	-116.244018554688	-58.855517578125
-9.08897247314453	9.85059432983398	-96.69375
-28.1171447753906	5.76311225891113	-104.267810058594
-46.4359954833984	-4.13640747070313	-109.796789550781
-64.2278747558594	-16.1254669189453	-108.187951660156
-80.4838989257813	-28.7566467285156	-98.1884399414063
-92.6257019042969	-42.7060119628906	-82.6553466796875
-99.5571350097656	-58.7550231933594	-64.4653991699219
-100.871435546875	-75.4623413085938	-44.8276306152344
-97.5465759277344	-92.4132751464844	-24.4398590087891
-90.7782592773438	-108.142761230469	-2.77905616760254
-79.7762390136719	-121.934155273438	17.0691955566406
-62.5924255371094	-133.343737792969	33.956591796875
-40.6755126953125	-141.642956542969	47.7000305175781
35.4941558837891	-7.62074279785156	-119.366735839844
41.8340209960938	-6.12036933898926	-133.396630859375
52.9476928710938	-8.97050323486328	-149.135949707031
66.7487487792969	-15.1386749267578	-161.218811035156
82.1319763183594	-24.1066314697266	-169.394836425781
100.832458496094	-35.9146759033203	-174.448718261719
122.2486328125	-48.5557403564453	-175.00498046875
141.508032226563	-63.9555419921875	-168.926245117188
160.880627441406	-80.8289123535156	-158.024731445313
179.17412109375	-98.0306884765625	-140.424963378906
190.714123535156	-115.442822265625	-117.248559570313
195.698876953125	-131.135888671875	-91.3388305664063
189.101477050781	-146.918774414063	-66.7713134765625
-7.58006362915039	-12.4119621276855	-105.561938476563
-24.1536697387695	-16.1656433105469	-112.47333984375
-43.2602081298828	-26.9290618896484	-117.594006347656
-61.5023620605469	-39.4902099609375	-114.435693359375
-76.7297790527344	-52.8388000488281	-104.775659179688
-89.6376403808594	-65.7786010742188	-90.1401672363281
-98.7941589355469	-80.6547485351563	-73.0552795410156
-103.5037109375	-96.3944030761719	-53.9609191894531
-104.153796386719	-113.854711914063	-35.6243896484375
-102.953466796875	-129.475708007813	-15.6921966552734
-97.4760314941406	-145.632666015625	3.76671981811523
-85.0488525390625	-160.741955566406	20.807048034668
-66.2951110839844	-171.582885742188	35.5132171630859
36.8531311035156	-31.3099609375	-121.041101074219
44.4274536132813	-33.857177734375	-133.474584960938
54.1265563964844	-37.9120330810547	-147.392468261719
65.2032348632813	-43.2111999511719	-161.179223632813
78.5762756347656	-50.0223388671875	-169.60009765625
95.1829345703125	-59.047265625	-172.144714355469
114.023889160156	-70.2110717773438	-171.28369140625
133.259106445313	-83.3014526367188	-169.750146484375
153.76484375	-97.7545166015625	-164.489929199219
172.397497558594	-115.102075195313	-152.766137695313
187.498754882813	-132.25498046875	-136.7560546875
199.131030273438	-147.936413574219	-116.495568847656
204.067297363281	-162.442053222656	-90.634228515625
-7.77479553222656	-33.5415283203125	-114.406091308594
-23.4057922363281	-40.8176330566406	-119.386340332031
-41.9774200439453	-52.5345825195313	-123.379064941406
-60.7412719726563	-65.6241943359375	-122.177746582031
-77.0815979003906	-79.9245361328125	-113.967504882813
-91.1919006347656	-94.0038330078125	-100.209985351563
-102.289373779297	-107.997155761719	-83.7087646484375
-108.416491699219	-123.308020019531	-66.0103210449219
-109.436828613281	-138.723461914063	-48.2289123535156
-107.272766113281	-153.009838867188	-30.9251586914063
-103.176330566406	-166.073791503906	-14.2674087524414
-95.7623168945313	-177.999462890625	0.839206790924072
-83.6082153320313	-189.479858398438	13.5872177124023
40.0732299804688	-57.6157531738281	-128.468029785156
44.9004211425781	-60.0020324707031	-141.869946289063
52.746630859375	-65.9081909179688	-156.111865234375
63.1779541015625	-73.9584838867188	-167.849291992188
76.4112609863281	-81.9657897949219	-176.304650878906
93.5118408203125	-88.6550903320313	-180.828942871094
111.934265136719	-96.5227600097656	-180.417590332031
130.357153320313	-107.04287109375	-176.383654785156
149.139501953125	-118.890161132813	-170.233874511719
166.124877929688	-131.5068359375	-160.725207519531
179.876794433594	-146.140905761719	-149.687609863281
190.286560058594	-161.016711425781	-137.222314453125
197.97431640625	-174.010278320313	-123.449011230469
-4.67529945373535	-55.9242370605469	-113.009094238281
-18.4535049438477	-60.6966186523438	-119.194555664063
-34.7939270019531	-70.1525146484375	-126.002124023438
-51.8895812988281	-82.9632629394531	-125.815502929688
-67.2179870605469	-95.719140625	-117.966235351563
-81.4328063964844	-108.245776367188	-107.435131835938
-94.5511108398438	-120.469714355469	-95.0483154296875
-102.564807128906	-134.575012207031	-80.7442077636719
-106.74677734375	-148.633178710938	-65.973095703125
-108.977526855469	-162.774145507813	-52.5090393066406
-108.764221191406	-176.382043457031	-40.2182586669922
-105.485534667969	-187.954565429688	-28.6115264892578
-100.375280761719	-197.128356933594	-18.2651779174805
42.1541564941406	-84.7892456054688	-136.331628417969
45.8850433349609	-87.8589660644531	-147.539221191406
51.7539611816406	-92.848681640625	-159.270275878906
60.4789611816406	-97.8763793945313	-169.538208007813
71.3814880371094	-104.580883789063	-176.738195800781
82.4285705566406	-113.978454589844	-179.353503417969
95.0765991210938	-122.644409179688	-179.905944824219
108.292443847656	-131.2197265625	-178.699853515625
121.041589355469	-141.056677246094	-175.803955078125
133.639782714844	-151.296484375	-171.745825195313
145.765368652344	-161.186267089844	-165.962707519531
156.72822265625	-171.120007324219	-159.424975585938
166.068005371094	-181.454833984375	-152.498083496094
-2.99395484924316	-88.6346801757813	-117.629797363281
-14.7680023193359	-91.3225830078125	-121.413366699219
-29.3095642089844	-96.4980102539063	-122.803149414063
-44.4995178222656	-102.805651855469	-123.896179199219
-59.7373840332031	-110.010144042969	-121.324389648438
-71.7436645507813	-121.598986816406	-116.151098632813
-81.9479858398438	-132.139855957031	-107.130017089844
-90.7492309570313	-142.973107910156	-97.5349975585938
-96.8527526855469	-154.126196289063	-87.0589599609375
-100.234552001953	-165.535034179688	-76.1595153808594
-101.584075927734	-177.032995605469	-65.7220642089844
-101.351684570313	-187.907763671875	-55.3617309570313
-99.1719055175781	-197.192199707031	-44.3913146972656
41.5716735839844	113.006262207031	-67.7894287109375
46.8281555175781	115.157507324219	-75.4317932128906
53.0845886230469	115.918493652344	-80.5545227050781
58.5789978027344	115.785009765625	-83.1580627441406
67.5204650878906	114.335571289063	-84.6970275878906
77.0626586914063	110.990710449219	-84.1080078125
85.4443420410156	105.910375976563	-82.0068115234375
91.981494140625	99.737109375	-78.4218383789063
96.5368103027344	93.0667114257813	-73.3591491699219
99.0535522460938	86.50830078125	-66.8298706054688
100.509948730469	80.6927062988281	-59.2366943359375
101.615911865234	75.4492553710938	-50.5269470214844
101.300799560547	70.3142517089844	-41.5323394775391
-4.39620780944824	105.006921386719	-52.8655700683594
-12.6315811157227	104.977783203125	-53.52861328125
-20.679460144043	106.566394042969	-54.1544494628906
-27.7512573242188	104.915234375	-50.4517456054688
-31.9203826904297	101.448522949219	-45.2137939453125
-34.6426086425781	96.9322326660156	-39.8028167724609
-37.624609375	91.530517578125	-34.8362396240234
-40.40556640625	86.5868530273438	-28.6452392578125
-41.2965179443359	82.8971008300781	-20.8200714111328
-39.3740142822266	78.2560791015625	-13.0467514038086
-36.323388671875	71.801220703125	-6.01642723083496
-31.9871429443359	65.2347106933594	-0.0524999916553497
-25.8464416503906	59.9905212402344	4.6361946105957
33.5871978759766	101.556665039063	-84.5588195800781
43.0975952148438	108.710144042969	-95.9441650390625
59.4723327636719	110.432446289063	-103.944921875
74.5576232910156	105.386645507813	-107.237634277344
88.6929565429688	100.455670166016	-108.110461425781
101.288751220703	92.7428894042969	-104.952307128906
109.278747558594	82.7047607421875	-97.7455871582031
115.736743164063	72.7774353027344	-87.8390441894531
121.413452148438	62.8397827148438	-76.9554809570313
125.989599609375	51.5723693847656	-65.295458984375
127.117761230469	40.5253143310547	-51.0587127685547
122.180688476563	29.7111419677734	-36.5597351074219
111.816882324219	21.2712677001953	-23.4238677978516
-11.0255180358887	94.3916931152344	-61.3282897949219
-22.398258972168	93.1506591796875	-62.3731384277344
-33.9993041992188	90.8647094726563	-62.3424255371094
-43.9964538574219	88.179931640625	-59.8307006835938
-53.82509765625	84.0190307617188	-53.5957946777344
-61.0832946777344	78.1598205566406	-43.9065795898438
-65.8150024414063	71.898046875	-31.9863372802734
-66.1813110351563	63.152294921875	-16.9976791381836
-60.1551513671875	53.9579223632813	-3.1632453918457
-49.5839782714844	44.9150238037109	10.1159866333008
-35.6184967041016	35.293115234375	20.6601547241211
-18.6397109985352	26.5007263183594	27.3000915527344
0.680767583847046	19.7306335449219	30.3349395751953
36.1622009277344	80.1492797851563	-93.773583984375
46.8800415039063	86.4103271484375	-107.844128417969
61.3541625976563	87.1279357910156	-119.085913085938
75.5484252929688	81.23564453125	-124.366723632813
91.1825012207031	75.3482971191406	-122.806176757813
105.519494628906	73.6673278808594	-119.008776855469
119.313928222656	64.2702575683594	-111.624975585938
126.864331054688	50.7998352050781	-102.959838867188
136.4806640625	39.8741424560547	-90.0085632324219
140.734448242188	27.3898712158203	-74.1690002441406
138.5822265625	14.9130584716797	-54.5736389160156
131.497106933594	0.747179412841797	-34.4494689941406
122.132446289063	-12.6626564025879	-16.8159469604492
-13.5980316162109	79.416943359375	-71.5994506835938
-26.4257751464844	81.9095764160156	-77.2030212402344
-40.3239135742188	79.32060546875	-78.5880493164063
-53.5371704101563	73.9155334472656	-73.1779357910156
-64.9086669921875	66.3788452148438	-61.9994873046875
-72.0475524902344	56.1282775878906	-51.7808959960938
-75.7412231445313	47.7506317138672	-38.3623138427734
-74.2527587890625	36.4001281738281	-21.066633605957
-68.9677612304688	22.9553802490234	-3.68069953918457
-58.88837890625	11.2769332885742	12.359432220459
-41.8965209960938	1.04531221389771	25.6510559082031
-22.7174026489258	-9.16227645874023	34.8353302001953
-4.75823287963867	-17.250080871582	40.1028594970703
32.6178985595703	67.5860046386719	-101.180389404297
41.7635192871094	73.0583374023438	-117.311364746094
56.941259765625	70.6058715820313	-135.324182128906
75.2760131835938	67.0798828125	-140.958532714844
92.4243530273438	58.7981811523438	-138.348852539063
105.53935546875	48.2926849365234	-135.002160644531
118.613842773438	37.5122863769531	-130.32841796875
128.414758300781	23.648860168457	-121.159606933594
140.22470703125	10.7624443054199	-107.220532226563
148.188146972656	-3.44055557250977	-89.7689819335938
150.83212890625	-17.6532608032227	-68.8545959472656
146.273522949219	-30.8545471191406	-46.7457092285156
136.118127441406	-42.43154296875	-25.4544448852539
-15.0975952148438	62.3913879394531	-84.5677978515625
-32.3760070800781	62.5255798339844	-89.820849609375
-52.0679382324219	56.4526550292969	-91.7386596679688
-68.5692504882813	47.4566528320313	-84.6761413574219
-79.1897216796875	35.3470397949219	-73.4970153808594
-85.5657043457031	23.6919219970703	-61.4313171386719
-87.1016052246094	10.7276039123535	-44.3052886962891
-83.38212890625	-2.45918579101563	-25.9545684814453
-76.7776306152344	-15.5214553833008	-6.27643775939941
-65.6938842773438	-28.8354614257813	12.1067253112793
-49.6353393554688	-39.9015930175781	28.8268249511719
-29.4890625	-49.0173431396484	40.7945556640625
-5.92969551086426	-56.2339416503906	47.3158996582031
34.4991149902344	49.1954437255859	-108.040502929688
45.6128601074219	48.7260986328125	-124.251733398438
60.1074890136719	44.2341949462891	-139.779113769531
75.0945922851563	39.0055114746094	-148.216052246094
91.5171691894531	32.1035552978516	-150.271032714844
107.569848632813	23.6789047241211	-146.717443847656
124.074938964844	13.7522583007813	-141.727966308594
139.404333496094	1.15209302902222	-133.353002929688
151.392602539063	-13.6629959106445	-119.064343261719
158.865380859375	-30.090380859375	-100.037463378906
160.354357910156	-48.1025238037109	-77.3503051757813
157.817041015625	-64.8100463867188	-54.0261047363281
149.668408203125	-78.629052734375	-31.0743011474609
-13.7704620361328	41.0405364990234	-91.0475036621094
-31.0714172363281	36.1019409179688	-92.98935546875
-49.4793640136719	27.8996002197266	-97.7126098632813
-66.7802001953125	19.7201232910156	-94.2015319824219
-79.2344665527344	8.7948112487793	-83.7997131347656
-87.6136779785156	-4.32428817749023	-69.9536743164063
-93.1183166503906	-18.7506851196289	-53.0561889648438
-92.97158203125	-33.5931610107422	-33.958984375
-87.8624816894531	-46.8783264160156	-12.4172340393066
-77.6651245117188	-58.7746215820313	9.18053207397461
-60.6640014648438	-70.1511657714844	27.8853759765625
-37.8629241943359	-80.3082763671875	40.8473083496094
-11.8529014587402	-88.4762573242188	48.4591827392578
30.1976593017578	26.1294799804688	-114.546472167969
37.5540771484375	27.0912139892578	-132.6017578125
54.1957458496094	23.1577301025391	-147.5546875
71.3030639648438	16.4443298339844	-154.487670898438
89.0675109863281	11.6233947753906	-156.497033691406
106.5830078125	4.27268409729004	-153.937390136719
124.812780761719	-5.31463813781738	-147.3103515625
144.889465332031	-16.4636306762695	-139.297412109375
160.250207519531	-32.1665069580078	-127.741906738281
167.422326660156	-51.6412963867188	-109.152453613281
173.000427246094	-69.3265747070313	-85.6228576660156
169.312341308594	-89.5452026367188	-63.5300231933594
160.271301269531	-108.141613769531	-42.4070953369141
-8.75050659179688	13.60302734375	-96.8205322265625
-29.9110870361328	11.3347030639648	-106.329260253906
-51.0419006347656	7.56347808837891	-107.159460449219
-68.6879943847656	-2.03231906890869	-101.730364990234
-82.9395324707031	-13.9974578857422	-90.2256103515625
-93.1034057617188	-28.8850891113281	-74.9976623535156
-97.6853332519531	-44.8197235107422	-56.7485656738281
-97.1150390625	-61.9811828613281	-37.6797485351563
-93.0517333984375	-75.4304809570313	-14.7119384765625
-84.7258605957031	-92.7392272949219	6.589013671875
-70.1520080566406	-107.951208496094	23.6508239746094
-48.6177124023438	-117.393664550781	35.7779693603516
-24.881201171875	-125.202661132813	43.6145568847656
30.3772521972656	3.33146324157715	-120.765869140625
38.2995544433594	2.58724174499512	-136.738671875
52.7324157714844	0.957682609558105	-152.372131347656
69.6483642578125	-1.01324577331543	-161.4736328125
87.3793701171875	-6.48821105957031	-165.607458496094
106.878491210938	-14.3622283935547	-167.853466796875
127.558850097656	-29.5114013671875	-169.401867675781
143.821813964844	-44.1452545166016	-159.907836914063
159.175842285156	-59.3318664550781	-143.26328125
172.928356933594	-79.6806213378906	-127.024719238281
180.496765136719	-97.4376281738281	-105.619506835938
181.684387207031	-115.378393554688	-82.6045166015625
176.106176757813	-132.130737304688	-60.6657470703125
-10.7499885559082	1.81748275756836	-104.77041015625
-28.5505310058594	-2.74922199249268	-113.94267578125
-47.4201202392578	-15.3994293212891	-119.957238769531
-66.7728637695313	-26.5565216064453	-115.974267578125
-81.0394836425781	-40.5554504394531	-104.371350097656
-92.3398559570313	-55.0638793945313	-89.04560546875
-99.9109252929688	-70.5972534179688	-71.3472045898438
-103.541748046875	-86.1562438964844	-51.4543395996094
-102.841845703125	-103.50771484375	-31.5247314453125
-97.3363586425781	-119.592517089844	-11.2007171630859
-88.4806884765625	-134.796936035156	7.67710189819336
-71.3303649902344	-146.278479003906	23.375048828125
-49.8009246826172	-155.4650390625	37.7033142089844
34.1077117919922	-18.3533386230469	-125.762768554688
41.4698822021484	-16.9436813354492	-140.568640136719
54.4321411132813	-21.7069885253906	-155.013366699219
67.0358459472656	-29.2269165039063	-167.156665039063
81.1044677734375	-38.2801025390625	-175.866052246094
99.9982666015625	-47.5286468505859	-177.784362792969
118.840197753906	-60.7611328125	-176.189916992188
137.533435058594	-75.6012573242188	-171.064343261719
154.849890136719	-91.5110961914063	-159.398156738281
173.989953613281	-107.766381835938	-147.838916015625
185.9689453125	-122.445275878906	-126.328454589844
192.695910644531	-137.101208496094	-103.488061523438
193.528845214844	-152.06513671875	-78.9212707519531
-7.75722961425781	-20.1059265136719	-114.087536621094
-27.5346618652344	-24.8527191162109	-122.989721679688
-46.9915313720703	-38.5433502197266	-126.476147460938
-65.4861572265625	-53.4255615234375	-123.33125
-80.9888488769531	-65.64658203125	-110.856237792969
-92.6998046875	-80.6302856445313	-95.1364074707031
-100.884942626953	-96.4742065429688	-77.2395751953125
-106.280432128906	-112.528332519531	-58.1014831542969
-108.261242675781	-130.109973144531	-39.7627258300781
-105.54287109375	-145.56767578125	-19.976057434082
-98.3177795410156	-160.386779785156	-1.26932153701782
-85.1384826660156	-173.517724609375	13.4824264526367
-67.66904296875	-182.553186035156	26.1259918212891
37.6956573486328	-45.4559295654297	-133.221398925781
45.1569885253906	-46.4368438720703	-144.750012207031
55.3136840820313	-50.3854766845703	-160.229528808594
65.5756591796875	-59.55439453125	-172.570886230469
80.8699645996094	-66.4736022949219	-179.097875976563
99.184619140625	-74.2896911621094	-179.053295898438
115.312939453125	-88.2399719238281	-176.444274902344
133.132678222656	-102.127258300781	-172.288928222656
152.479040527344	-116.650024414063	-163.164074707031
169.955261230469	-129.7583984375	-151.867138671875
183.962902832031	-143.637524414063	-136.016735839844
195.427844238281	-157.310815429688	-119.280822753906
201.107629394531	-168.892028808594	-99.5416809082031
-7.04555587768555	-46.2270385742188	-118.507202148438
-23.5224304199219	-51.71455078125	-125.944323730469
-41.9019439697266	-63.7707397460938	-131.11943359375
-59.1984497070313	-79.3291137695313	-130.565002441406
-75.9060546875	-92.8071960449219	-120.973388671875
-89.1396423339844	-106.798254394531	-106.585778808594
-99.9429138183594	-119.973278808594	-90.06767578125
-107.006848144531	-134.434802246094	-72.8552795410156
-110.035583496094	-148.913562011719	-55.5343017578125
-109.305517578125	-162.48662109375	-38.4561950683594
-105.139733886719	-175.136315917969	-22.8290649414063
-98.1988830566406	-187.393127441406	-9.78283157348633
-88.395361328125	-196.931091308594	3.14442081451416
40.1904846191406	-68.3916687011719	-136.290185546875
44.4525787353516	-70.3059448242188	-147.801879882813
52.173046875	-76.6347595214844	-161.294128417969
61.8389831542969	-85.0319763183594	-172.833312988281
74.5022705078125	-93.18046875	-180.748413085938
90.7801818847656	-99.5342834472656	-183.772924804688
107.664501953125	-108.772644042969	-182.872741699219
125.009387207031	-119.431958007813	-179.693188476563
143.169006347656	-129.849841308594	-174.401342773438
159.911340332031	-141.482873535156	-165.837377929688
174.242639160156	-154.761547851563	-155.771691894531
184.291394042969	-167.775207519531	-143.527490234375
192.577038574219	-179.066186523438	-131.506188964844
-7.368701171875	-66.4151123046875	-118.364404296875
-23.8360961914063	-73.4481994628906	-126.453857421875
-38.5094451904297	-85.43740234375	-130.033984375
-52.3040344238281	-97.1617553710938	-129.860095214844
-67.0564086914063	-109.369213867188	-123.090979003906
-80.2138488769531	-121.264172363281	-113.13984375
-91.7463317871094	-133.4177734375	-101.537200927734
-100.084210205078	-146.091772460938	-88.835986328125
-105.082568359375	-159.342700195313	-75.3224365234375
-108.1134765625	-171.867163085938	-61.4527648925781
-107.946459960938	-183.911022949219	-48.4484008789063
-104.424377441406	-194.093237304688	-36.7911193847656
-99.8849426269531	-202.559521484375	-28.6701019287109
40.2348175048828	-95.3287536621094	-140.312915039063
44.8146148681641	-96.4015625	-151.448645019531
51.5494689941406	-102.518212890625	-161.0703125
59.0946838378906	-110.636743164063	-169.155029296875
68.3214416503906	-118.421813964844	-176.111840820313
79.2464599609375	-126.205834960938	-180.705773925781
91.5826904296875	-134.253283691406	-181.775146484375
104.140844726563	-142.955114746094	-181.04140625
116.893103027344	-152.186572265625	-179.441748046875
129.632739257813	-161.542797851563	-176.186682128906
141.569665527344	-171.144641113281	-171.065576171875
152.102893066406	-180.116101074219	-163.720202636719
161.241735839844	-189.938342285156	-156.125048828125
-4.39986953735352	-98.2641296386719	-121.965966796875
-18.7381088256836	-100.247369384766	-126.310803222656
-33.6137145996094	-106.870751953125	-129.362646484375
-48.8871704101563	-114.943688964844	-130.737939453125
-62.6046691894531	-125.617419433594	-127.824865722656
-75.2917602539063	-135.534484863281	-120.029052734375
-85.9075561523438	-145.999645996094	-110.194750976563
-93.4005432128906	-158.33017578125	-100.185540771484
-98.5536071777344	-170.191711425781	-88.9972778320313
-101.298907470703	-181.608740234375	-77.230126953125
-101.329522705078	-192.078637695313	-65.1242980957031
-99.6124816894531	-201.585278320313	-53.4487731933594
-97.004296875	-210.352587890625	-43.6233825683594
